6.75
-1.31
-6.57
-0.61
-2.35
-1.12
-0.65
-0.44
-4.78
-2.46
-2.8
-2.81
5.2
4.55
-0.69
-5.38
-0.19
-1.33
-2.11
-1.99
-3.12
6.09
6.22
14.21
3.87
1.16
1.41
-2.58
1.29
1.34
1.75
0.22
0.4
1.33
-0.75
-0.67
0.77
0.92
1.49
1.33
1.36
1.5
1.25
1.14
1.19
-1.68
-1.67
-1.64
-0.93
-0.92
-0.87
-1.01
-1.01
-1.01
-3.41
-6.65
-7.77
-1.57
-0.88
-0.77
-0.77
-2.03
-2.21
-2.21
-1.15
-1.82
1.83
0.63
-0.07
0.68
-3.47
0.22
-0.68
-3.5
-1.47
-1.65
-1.53
0.33
-0.04
0.59
-0.13
-0.68
0.64
0.5
0.44
0.5
-1.77
-1.24
-1.18
-1.88
-1.82
-1.74
-1.76
-1.84
-5.67
-5.46
-5.77
-6.54
-15.02
-15.42
-2.74
-2.72
-1.17
-0.05
0.07
0.0
-0.5
-3.24
0.23
-0.2
0.01
-0.11
-0.25
-2.91
-2.44
-2.43
-1.36
-1.49
0.0
-0.69
-0.46
-2.21
-1.8
-1.42
