-1.64
-1.69
-2.02
-3.25
-2.74
-0.12
-3.45
-3.81
-0.71
-0.68
-0.65
-0.94
-0.93
-2.21
-3.12
-3.1
-3.1
-7.03
-2.75
-8.14
-8.23
3.77
0.11
0.11
-3.09
-3.3
-3.28
-0.04
-4.22
-4.14
-5.37
-1.12
-3.75
-3.8
-0.31
-3.34
-2.5
-0.58
-0.37
-0.25
-0.83
-0.85
-1.69
-1.51
-1.33
-1.32
2.57
0.48
0.34
1.25
-0.81
-0.59
-2.65
-2.86
-2.93
-1.14
-4.3
-4.33
-4.97
-0.92
-0.65
-12.6
-12.6
-3.21
-3.21
-2.52
-0.27
-0.52
1.01
-1.02
-2.89
-0.38
0.87
0.13
1.21
-2.08
-0.62
-0.87
-1.04
-0.89
0.15
-0.44
-0.36
-5.06
-0.66
-0.48
-0.19
-1.26
-0.36
-0.33
-0.3
-0.18
-2.02
-2.09
-2.79
-2.79
-2.64
-2.64
-6.76
-6.77
-4.4
-1.59
-3.84
-2.94
-1.62
-0.97
-4.55
-3.64
-4.11
-0.57
-3.31
-5.44
-1.61
-0.39
-0.93
-0.89
-0.78
-2.41
-3.03
-2.58
-3.31
-6.76
-6.19
-0.26
4.06
-6.04
-0.78
-0.8
-0.4
-0.25
-2.89
-2.78
-2.64
-2.53
-17.01
-9.68
-17.25
-5.19
-4.07
-4.45
-4.44
-18.82
-6.3
-6.3
-5.23
-4.19
-6.38
-15.06
-16.73
-2.0
-5.0
-4.92
-13.04
-12.79
6.73
3.14
2.0
-4.37
1.09
0.81
2.04
1.71
1.28
1.47
1.3
1.59
-0.26
-0.47
-0.01
-0.04
-0.2
-0
-11.63
-1.91
-1.8
-1.66
-0.38
-0.3
-1.54
-1.8
-1.79
10.03
-8.51
-2.09
-0.53
-0.6
-0.5
0.62
0.58
-3.4
-1.0
-1.32
-1.34
-17.11
-2.46
-3.9
-6.1
-9.88
-8.79
-2.29
-2.41
-2.05
-5.39
-7.41
-7.18
-1.18
-1.49
-1.74
-3.79
-3.29
-3.52
-1.13
-1.68
-1.3
-5.81
-5.51
-5.5
-5.06
-4.92
-5.43
-5.39
-5.43
-7.56
-9.51
-9.46
-9.47
-4.58
-4.7
-4.86
-4.8
-4.92
-8.4
-13.04
-14.21
-14.01
-4.29
-4.29
-3.72
-3.31
-3.61
-3.61
-4.2
-2.67
-2.86
-3.07
-4.26
-5.45
-7.21
-4.0
-3.27
-2.97
-3.08
-2.99
-2.88
-5.11
-4.46
-4.29
-4.29
-2.55
-2.71
-2.65
-2.76
-2.81
-7.1
-6.82
-6.62
-6.57
-8.15
-8.15
-6.69
-6.62
-14.11
-9.47
-1.75
-10.94
-10.82
-10.26
-18.49
-18.2
-9.98
-3.66
-3.61
-3.84
-5.63
-5.78
-5.64
-6.99
-15.0
-11.21
-14.94
-21.88
-13.86
-16.06
-14.41
-16.27
-15.94
-10.63
-14.56
-3.06
1.6
-0.98
-5.52
-1.26
-1.59
-10.82
-3.35
-3.23
-4.46
-4.47
-3.6
-1.14
-0.95
-0.53
0.64
-0.85
-1.9
-4.43
-2.5
-3.89
-7.41
-6.58
-3.05
-2.06
-1.82
-2.62
-2.68
-2.07
-2.35
-2.41
-3.46
-6.31
-6.31
-4.61
-3.72
-4.49
-4.5
-7.03
-7.03
-1.93
0.7
0.73
0.76
0.62
0.63
-2.05
-1.43
-2.13
-2.13
0.09
-2.43
-2.44
-0.49
-1.34
-0.46
1.09
1.09
-0.58
1.67
0.74
-1.93
-0.82
-0.74
-1.18
-1.18
-2.93
-7.49
-3.78
-0.15
-0.78
-2.19
-1.93
-0.16
-4.81
0.31
-2.58
-1.34
-1.56
-1.12
-1.17
4.12
0.79
-0.46
-1.57
0.7
-0.63
-0
0.29
0.51
1.09
1.21
1.09
1.17
1.25
-2.02
-0.88
-1.64
-1.12
-0.4
-0.61
-0.5
0.03
0.58
1.18
-5.52
-5.39
-1.26
-1.02
-0
0.62
0.61
0.82
-2.53
1.3
1.31
-0.19
-0.68
-0.66
-0.81
-0.91
-0.88
-0.8
5.65
4.59
0.93
0.21
-4.01
0.11
0.13
-3.93
-0.62
-0.11
-0.08
-0.39
-0.73
0.17
0.07
0.32
0.23
0.41
0.23
-1.76
-1.65
-1.7
-2.44
-2.2
-2.13
-2.2
-2.21
7.46
1.64
1.65
0.73
-0.27
0.59
-1.19
-1.41
1.22
-0.08
0.5
0.87
1.17
1.58
1.29
1.73
-1.6
-2.62
-0.11
0.09
-0.17
-0.23
-0.1
-0.1
27.06
-2.09
-2.35
-6.08
-6.04
-1.57
0.82
0.87
1.58
1.63
-1.18
1.2
1.22
1.12
1.11
1.11
1.1
-1.67
-1.01
-1.02
-1.71
-1.7
-1.69
-1.69
-4.89
1.42
0.63
-1.37
-3.06
-1.44
-0.92
1.46
0.0
-1.47
-1.03
0.14
-0.32
0.66
1.61
1.73
1.17
-2.56
-0.51
-0.6
-0.24
-0.78
-0.74
-0.46
-0.63
-3.35
-4.83
-3.62
-7.24
-1.35
1.26
0.34
0.71
0.42
0.18
0.9
-0.82
0.36
-2.09
-1.86
1.29
0.87
-0.61
-0.61
-0.62
-0.58
-0.46
-0.51
4.23
0.51
1.11
0.45
-3.45
-3.53
-0.62
-1.03
0.67
0.45
-1.29
0.43
-0.81
0.85
-0.5
1.57
0.95
-2.07
-0.79
-0.83
-1.19
-1.15
-0.47
-0.49
-3.1
1.97
0.09
0.08
-0.15
-3.14
-3.15
-2.66
-1.13
-3.88
0.64
-0.08
0.41
0.41
0.16
1.03
-0.21
-0.21
1.26
1.26
1.35
0.74
-0.73
-0.8
-0.8
-0.88
-1.09
-1.05
-1.05
-1.0
7.36
6.66
2.49
1.24
0.96
-0.11
-2.03
-0.8
1.03
0.74
1.7
1.68
1.2
-0.19
1.51
1.23
1.4
1.61
1.66
1.61
1.63
-1.88
-0.58
-0.53
-1.25
-1.25
-0.82
-0.83
-0.02
-0.23
-1.22
-3.4
-0.72
-2.37
-0.34
0.81
0.98
-2.2
0.41
0.49
-3.26
-2.96
-0.32
0.89
0.91
0.96
0.73
-0.24
0.58
0.59
1.02
1.14
1.16
1.16
1.13
1.29
-0.93
-0.86
-0.71
-0.65
-1.24
-1.25
-1.14
-1.09
-1.21
-1.2
-8.72
-10.19
-6.03
-0.55
1.69
0.38
-3.51
0.16
0.13
0.68
-1.94
-1.76
-0.86
-0.85
0.17
0.08
0.4
0.15
0.09
0.79
0.96
0.88
0.94
0.69
0.69
0.8
-1.64
-0.99
-1.05
-0.89
-1.55
-1.56
-1.47
-1.54
-1.52
-1.51
0.61
1.04
1.03
-4.42
0.15
0.14
1.54
-2.48
-2.48
-6.12
0.29
0.94
-0.1
-0.56
0.29
-2.75
0.91
0.98
-0.61
-0.59
0.78
1.78
1.78
1.14
-3.41
-0.33
-0.33
-0.4
-0.4
-0.56
-0.53
-0.5
-0.5
1.71
2.34
2.3
2.18
0.35
0.28
0.09
-0.12
0.29
0.08
0.54
0.01
0.29
0.03
0.02
2.13
1.43
1.4
0.28
2.23
0.82
0.84
-1.38
-1.36
0.44
0.43
0.45
0.39
0.43
0.4
-5.09
-10.14
-7.18
-2.78
-3.07
-2.81
-2.38
-3.42
-3.63
-4.67
-4.71
-4.89
-5.9
-8.63
-8.61
-3.59
-3.53
-3.24
-6.28
-9.35
-16.77
-1.91
-3.13
-2.56
-1.33
-1.63
-1.54
3.78
2.15
0.09
-5.62
-0.22
0.39
-0.08
-0.03
0.18
0.27
-2.13
-1.93
-2.02
-2.29
-2.37
-3.83
-3.73
-3.0
0.01
0.02
-0.07
0.05
0.05
-3.46
-1.87
-2.53
-2.53
46.69
-1.85
-3.05
-5.2
-6.26
-0.67
-1.08
-1.4
-2.51
-0.55
-3.39
-7.18
-1.5
-1.94
-1.74
-30.59
-8.59
-2.39
-18.83
-8.76
-10.08
-1.14
-1.61
-0.84
-0.25
-0.21
-4.6
-1.59
-2.08
-1.89
-0.88
-0.35
0.06
-4.75
-0.42
-0.5
-1.04
-1.45
-1.08
-0.61
-0.18
-0.14
-2.27
-1.75
-1.74
-2.22
-2.83
-2.82
-1.73
-0.59
-2.4
-4.28
-1.79
-0.41
-3.62
-2.17
-2.8
-13.83
-4.38
-0.65
-1.38
-7.07
-1.84
-0.71
-1.68
-4.49
-0.01
-0.31
0.09
0.14
-3.11
-1.71
-1.27
-1.66
-1.57
-20.1
-28.33
-1.96
-1.91
-2.08
-2.05
-5.18
-2.36
-1.69
-1.73
-3.01
-2.58
-0.88
-1.54
-1.18
-5.1
-2.57
-3.21
-3.31
-2.81
-2.76
-1.75
-7.87
-6.65
-2.66
0.14
-1.07
-1.08
0.22
-1.94
0.15
-1.5
0.89
-0.49
-0.94
-1.04
-1.15
-1.1
-1.94
-1.57
-1.59
-3.86
-3.86
-0.35
-4.43
-5.35
-0.67
-3.91
-0.18
0.13
-3.79
-0.06
-0.35
-1.34
-3.02
-0.01
0.38
0.24
0.35
0.39
0.37
0.41
0.57
-1.88
-1.81
-1.4
-1.45
-1.5
-1.52
-1.72
4.56
-2.89
-1.53
0.27
-0.48
-2.5
-0.18
-4.31
-2.15
0.2
0.03
0.16
-0.36
0.3
0.41
0.42
0.43
-1.37
-1.5
-1.91
-1.99
-1.79
-1.86
-1.92
-0.92
-7.92
-5.5
0.14
-1.56
-0.78
-2.5
-1.39
-1.76
-0.84
-11.91
-7.26
-0.95
-1.98
-1.15
-1.19
-0.79
-3.52
0.36
-1.32
-1.39
-1.5
-1.6
-1.54
5.88
-0.61
-0.98
-2.97
-1.32
-1.09
-0.6
-0.46
-0
-0.11
-3.59
-3.07
-1.97
-2.75
-2.16
0.85
-0.06
-3.91
-2.69
-4.61
-3.3
-1.1
-1.15
-4.8
-5.85
-3.43
-3.42
0.69
1.62
-0.42
-0.08
-3.46
-3.04
-4.72
-0.65
-0.34
-0.85
-0.04
-1.4
0.13
-0.09
-0.14
-1.99
-2.42
-1.69
-2.32
-2.26
-2.38
-0.48
-6.07
-1.18
-5.76
-1.69
-0.48
-0.6
-4.96
-0.42
0.08
0.09
-0.12
0.07
0.32
0.19
-1.6
-1.49
-2.07
-2.11
-1.59
-1.61
-11.1
-12.7
0.71
-0.44
-1.37
-0.04
-1.1
-2.26
1.34
1.34
0.68
-0.61
-0.73
-0.82
-0.74
-1.84
-3.51
-3.09
-2.07
-2.33
-9.65
-8.61
0.19
0.04
0.06
-0.09
-4.29
0.21
0.24
1.41
1.3
1.18
0.99
-0.65
-0.61
-0.98
-0.94
-0.88
-0.87
-11.49
-1.11
0.1
-8.46
0.76
-0.74
-2.42
-0.12
-0.83
0.54
-0.34
0.75
0.96
0.92
1.07
-2.91
-0.76
-0.85
-1.19
-1.39
-1.06
-8.34
1.8
-2.04
-7.94
-7.82
0.49
0.24
0.09
0.28
0.29
0.35
1.06
1.14
1.09
1.03
-0.64
-0.64
-1.03
-1.01
-0.94
-0.91
0.14
-1.87
-3.16
-1.05
-2.59
-2.14
0.31
0.57
-2.99
-0.93
-0.86
-1.19
0.96
-2.1
-10.03
0.09
-3.19
-1.17
-2.07
-0.52
-1.35
-0.12
0.32
0.13
0.4
-1.48
-1.28
-1.95
-1.69
-1.39
-0.53
-1.83
-6.39
-2.62
-1.84
-0.15
0.29
0.66
-2.78
-0.58
-0.55
-0.77
0.66
-1.13
-0.11
-1.21
-0.32
-1.33
-1.73
0.6
0.71
0.97
-2.88
-2.77
-0.48
-1.08
-0.63
130.71
9.2
2.03
0.98
-0.22
-3.79
0.86
-0.73
0.9
0.25
-1.53
0.58
-0.51
0.88
0.81
0.87
0.82
-3.04
-1.26
-1.2
-1.93
-1.9
-1.44
-1.46
14.33
0.37
-0.73
-1.4
-1.42
-3.61
-0.71
-0.15
-1.79
-0.92
-1.45
0.51
0.48
-3.03
-1.44
-2.14
-1.71
-1.88
4.55
-0.6
-1.94
-2.41
-5.55
-1.34
-0.45
-3.75
-0.77
0.22
0.07
-3.13
-1.74
-2.45
-2.06
-7.44
2.39
3.16
-3.36
-2.63
-6.32
0.18
-2.74
-4.35
-0.67
-1.58
-0.03
-0.13
0.18
-1.28
0.08
0.23
0.48
0.71
0.55
-1.21
-1.37
-1.38
-1.4
-1.66
-1.82
-1.16
-1.21
-2.58
1.04
0.15
-0.35
0.56
-2.65
-3.89
-0.62
-1.12
-2.68
-0.51
-1.55
0.13
0.87
-0.28
0.31
0.8
0.53
0.59
0.65
0.62
-1.36
-1.19
-1.75
-1.72
-1.08
-1.58
-1.53
-1.49
-4.28
-5.78
-1.14
-0.28
0.89
1.45
-4.0
-0.16
-1.5
-0.07
0.48
0.77
0.67
-1.0
-1.02
1.3
1.26
1.23
1.28
1.35
1.44
1.17
1.19
1.19
-1.26
-1.24
-1.05
-0.67
-0.65
-0.6
-0.82
-0.81
-0.82
-0.1
-0.4
-3.12
-0.89
-2.12
0.2
0.93
-1.54
-0.39
-0.58
-1.9
-0.55
-2.95
1.02
-1.2
-1.9
-1.9
0.03
0.05
0.23
0.18
-0.74
-0.04
-0.51
-1.26
-0.12
-2.58
-3.61
-1.45
-0.62
-0.06
-0.34
1.58
1.43
0.94
-0.37
-1.28
-1.32
0.24
0.23
0.42
0.4
-5.72
0.32
-0.17
-2.53
-0.61
-1.6
1.25
-0.34
1.02
0.12
0.29
0.2
0.51
-1.38
1.4
-1.54
-1.57
-0.73
-0.82
0.33
0.33
0.34
0.3
-0.02
1.03
2.01
1.86
1.3
-0.12
-0.22
-0.37
-0.79
-0.37
-0.67
-0.88
-0.69
-0.59
-0.06
1.5
0.29
0.17
1.42
0.02
0.0
-2.35
-2.23
0.05
0.06
-0
-0.05
-0.06
-3.87
3.52
1.23
3.04
3.46
3.14
0.73
1.03
1.1
1.25
1.2
0.02
-1.59
-10.03
15.6
-3.85
-12.3
-2.4
-5.49
-3.25
-2.47
-1.32
-4.4
-4.42
-4.23
6.75
-1.31
-6.57
-0.61
-2.35
-1.12
-0.65
-0.44
-4.78
-2.46
-2.8
-2.81
5.2
4.55
-0.69
-5.38
-0.19
-1.33
-2.11
-1.99
-3.12
6.09
6.22
14.21
3.87
1.16
1.41
-2.58
1.29
1.34
1.75
0.22
0.4
1.33
-0.75
-0.67
0.77
0.92
1.49
1.33
1.36
1.5
1.25
1.14
1.19
-1.68
-1.67
-1.64
-0.93
-0.92
-0.87
-1.01
-1.01
-1.01
-3.41
-6.65
-7.77
-1.57
-0.88
-0.77
-0.77
-2.03
-2.21
-2.21
-1.15
-1.82
1.83
0.63
-0.07
0.68
-3.47
0.22
-0.68
-3.5
-1.47
-1.65
-1.53
0.33
-0.04
0.59
-0.13
-0.68
0.64
0.5
0.44
0.5
-1.77
-1.24
-1.18
-1.88
-1.82
-1.74
-1.76
-1.84
-5.67
-5.46
-5.77
-6.54
-15.02
-15.42
-2.74
-2.72
-1.17
-0.05
0.07
0.0
-0.5
-3.24
0.23
-0.2
0.01
-0.11
-0.25
-2.91
-2.44
-2.43
-1.36
-1.49
0.0
-0.69
-0.46
-2.21
-1.8
-1.42
